GG 
-8.260  6.100  35.300  2.000  0.190  -8.110  -2.300  3.100  99.310  130.000  32.900  2.400  2.260  3.100  11.000  26.600  28.200  2.400  13.000  0.190  10.000  3.800  1.770  6.700  15.600  7.200  85.970  8.260  2.100  10.900  28.400  42.000  0.026  0.042  0.019  1.430  1.650  8.040  -9.500  2.160  0.710  1.110  15.490  8.450  3.980  3.380  4.620  8.990  3.980  2.800  130.000  85.970  1.000  1.250  -12.800  1.780  -10.900  -1.550  0.048  0.041  0.024  0.000  0.004  -0.001  1.984  3.215  7.335  0.057  0.215  1.196  0.024  -0.225  -0.114  -0.065  0.005  -0.084  -0.004  -0.007  0.004  1.650  1.430  0.019  8.040  0.042  0.026  2.100  57.000  7.360  5.510  -19.900  
GA 
-9.810  4.500  39.600  1.000  0.980  -13.480  -1.500  1.600  80.030  60.000  36.300  3.400  3.180  1.600  5.600  13.500  19.800  2.500  6.700  0.980  10.500  2.470  1.460  7.700  20.300  8.800  86.440  9.810  1.500  8.800  23.500  34.000  0.025  0.038  0.020  1.320  1.930  8.560  -11.400  2.510  1.350  -0.330  13.930  8.760  3.260  3.400  4.710  9.110  2.980  2.950  60.000  86.440  1.080  1.120  -15.100  0.030  -8.800  -1.120  0.042  0.039  0.021  0.001  0.009  0.000  1.430  2.518  8.330  0.026  0.025  1.153  -0.001  -0.206  -0.128  -0.026  -0.002  -0.083  0.011  -0.001  -0.012  1.930  1.320  0.020  8.560  0.038  0.025  5.300  120.000  10.280  5.440  -22.200  
GC 
-14.590  4.000  38.400  2.000  0.730  -11.080  -2.300  3.100  135.830  85.000  33.600  4.000  8.280  3.100  11.100  26.700  28.200  0.700  13.000  0.730  2.900  3.800  2.280  11.100  28.400  11.100  136.120  14.590  2.300  10.500  26.400  42.000  0.025  0.036  0.026  1.200  2.610  9.530  -13.200  3.060  2.500  0.000  14.550  8.670  3.260  3.040  4.740  8.980  3.260  4.240  85.000  136.120  0.980  1.170  -11.700  0.220  -10.500  -1.850  0.042  0.040  0.028  0.000  0.007  -0.001  1.761  2.708  10.281  0.318  0.131  2.558  -0.001  -0.193  -0.160  -0.048  -0.018  -0.063  -0.002  0.006  0.126  2.610  1.200  0.026  9.530  0.036  0.025  5.000  180.000  4.340  1.980  -24.400  
GT 
-10.510  2.300  33.100  1.000  0.130  -13.100  -1.500  1.300  108.800  60.000  31.500  4.600  4.520  1.300  6.500  17.300  19.800  1.300  5.400  0.130  5.400  2.470  1.430  8.600  23.000  14.600  97.730  10.510  1.500  9.400  25.500  34.000  0.036  0.038  0.023  1.320  3.030  8.930  -11.800  2.970  2.000  0.110  12.370  9.410  3.980  3.030  6.040  8.790  3.260  4.220  60.000  97.730  1.020  1.110  -6.700  0.950  -9.400  -1.280  0.049  0.041  0.027  0.001  0.008  0.003  1.341  2.974  9.882  -0.157  -0.006  2.593  0.005  -0.201  -0.160  -0.005  -0.013  0.044  0.014  -0.002  0.109  3.030  1.320  0.023  8.930  0.038  0.036  1.100  -143.000  9.570  9.730  -22.400  
AG 
-6.780  2.100  30.600  1.000  0.330  -14.000  -1.500  1.600  85.120  60.000  31.900  3.400  0.790  1.600  7.800  20.800  19.800  3.400  6.700  0.330  14.200  2.470  1.160  6.100  16.100  8.200  58.420  6.780  1.500  6.600  16.400  34.000  0.031  0.037  0.019  1.460  2.030  7.080  -11.500  2.310  0.900  -0.920  13.510  8.960  4.700  3.360  5.190  8.980  3.980  2.790  60.000  58.420  1.060  1.090  -14.300  2.530  -6.600  -1.170  0.044  0.037  0.023  -0.003  0.006  -0.003  1.657  2.706  6.388  -0.026  -0.032  1.320  -0.031  -0.176  -0.144  -0.019  0.008  0.050  -0.014  -0.029  -0.001  2.030  1.460  0.019  7.080  0.037  0.031  8.400  2.000  7.580  8.980  -21.000  
AA 
-5.370  2.900  35.500  0.000  0.970  -18.660  -1.200  1.900  66.510  35.000  35.100  3.900  0.960  1.900  9.100  24.000  11.400  3.900  7.900  0.970  16.300  1.140  1.020  8.400  23.600  7.600  54.500  5.370  1.200  8.000  21.900  26.000  0.026  0.038  0.020  1.690  2.260  7.650  -12.000  3.070  1.760  -1.430  12.150  9.120  3.980  3.380  5.300  9.030  2.980  2.940  35.000  54.500  1.180  1.040  -17.300  0.640  -8.000  -0.670  0.046  0.039  0.024  0.006  0.008  0.003  1.975  2.914  7.621  0.171  0.192  1.382  0.057  -0.218  -0.159  0.002  -0.008  -0.205  0.016  -0.022  -0.054  2.260  1.690  0.020  7.650  0.038  0.026  7.200  -154.000  13.720  5.350  -21.300  
AC 
-10.510  2.300  33.100  1.000  0.130  -13.100  -1.500  1.300  108.800  60.000  31.500  4.600  4.520  1.300  6.500  17.300  19.800  1.300  5.400  0.130  5.400  2.470  1.430  8.600  23.000  14.600  97.730  10.510  1.500  9.400  25.500  34.000  0.036  0.038  0.023  1.320  3.030  8.930  -11.800  2.970  2.000  -0.110  12.370  9.410  3.980  3.030  6.040  8.790  3.260  4.220  60.000  97.730  1.060  1.100  -6.700  0.950  -9.400  -1.280  0.049  0.041  0.027  0.001  0.008  0.003  1.341  2.974  9.882  -0.157  -0.006  2.593  0.005  -0.201  -0.160  -0.005  -0.013  0.044  0.014  -0.002  0.109  3.030  1.320  0.023  8.930  0.038  0.036  1.100  143.000  9.570  9.730  -22.400  
AT 
-6.570  1.600  43.200  0.000  0.580  -15.010  -0.900  0.900  72.290  20.000  29.300  5.900  6.820  1.500  8.600  23.900  11.400  2.400  6.300  0.580  10.000  1.140  0.730  6.500  18.800  25.000  57.020  6.570  0.900  5.600  15.200  26.000  0.033  0.036  0.022  1.030  3.830  9.070  -10.600  2.600  1.870  0.000  12.870  8.960  4.700  3.020  5.310  8.910  3.260  4.200  20.000  57.020  1.120  1.020  -16.900  1.680  -5.600  -0.620  0.046  0.040  0.027  0.000  0.008  0.001  1.193  3.310  10.499  -0.097  -0.023  2.481  -0.008  -0.116  -0.089  0.024  -0.010  0.006  0.009  -0.050  0.093  3.830  1.030  0.022  9.070  0.036  0.033  2.600  0.000  11.690  1.130  -20.400  
CG 
-9.610  12.100  31.300  2.000  0.520  -10.030  -2.800  3.600  88.840  85.000  36.100  0.700  10.790  3.600  11.900  27.800  28.200  4.000  15.100  0.520  16.700  3.800  2.090  10.100  25.500  8.900  54.710  9.690  2.800  11.800  29.000  42.000  0.014  0.026  0.016  1.080  2.000  6.230  -13.100  2.810  0.220  0.000  14.420  8.810  4.700  3.770  5.160  9.060  4.700  3.210  85.000  72.550  1.020  1.250  -11.200  2.420  -11.800  -1.870  0.023  0.028  0.015  0.001  0.003  0.001  1.346  2.034  4.390  -0.187  -0.041  1.467  0.023  -0.086  -0.124  -0.052  0.010  0.005  0.011  -0.021  -0.020  2.000  1.080  0.016  6.230  0.026  0.014  6.700  0.000  4.020  12.130  -27.200  
CA 
-6.570  9.800  37.700  1.000  1.040  -9.450  -1.700  1.900  64.920  60.000  37.300  1.300  5.100  1.900  5.800  12.900  19.800  4.600  7.900  1.040  19.200  2.470  1.380  7.400  19.300  10.900  72.550  6.570  1.700  8.200  21.000  34.000  0.016  0.025  0.017  1.070  1.780  6.380  -12.300  3.580  -1.640  1.310  13.580  8.670  3.980  3.790  4.790  9.090  3.700  3.090  60.000  54.710  1.060  1.160  -8.600  0.800  -8.200  -1.190  0.021  0.028  0.018  -0.001  0.005  0.001  1.600  2.286  6.290  -0.283  -0.065  0.816  -0.010  -0.017  -0.126  0.004  -0.002  -0.016  -0.002  0.009  -0.087  1.780  1.070  0.017  6.380  0.025  0.016  3.500  -64.000  1.350  4.610  -22.700  
CC 
-8.260  6.100  35.300  2.000  0.190  -8.110  -2.300  3.100  99.310  130.000  32.900  2.400  2.260  3.100  11.000  26.600  28.200  2.400  13.000  0.190  10.000  3.800  1.770  6.700  15.600  7.200  54.710  8.260  2.100  10.900  28.400  42.000  0.026  0.042  0.019  1.430  1.650  8.040  -9.500  2.160  0.710  -1.110  15.490  8.450  3.980  3.380  4.620  8.990  3.980  2.800  130.000  85.970  0.990  1.270  -12.800  1.780  -10.900  -1.550  0.048  0.041  0.024  0.000  0.004  -0.001  1.984  3.215  7.335  0.057  0.215  1.196  0.024  -0.225  -0.114  -0.065  0.005  -0.084  -0.004  -0.007  0.004  1.650  1.430  0.019  8.040  0.042  0.026  2.100  -57.000  7.360  5.510  -19.900  
CT 
-6.780  2.100  30.600  1.000  0.330  -14.000  -1.500  1.600  85.120  60.000  31.900  3.400  0.790  1.600  7.800  20.800  19.800  3.400  6.700  0.330  14.200  2.470  1.160  6.100  16.100  8.200  85.970  6.780  1.500  6.600  16.400  34.000  0.031  0.037  0.019  1.460  2.030  7.080  -11.500  2.310  0.900  0.920  13.510  8.960  4.700  3.360  5.190  8.980  3.980  2.790  60.000  58.420  1.040  1.160  -14.300  2.530  -6.600  -1.170  0.044  0.037  0.023  -0.003  0.006  -0.003  1.657  2.706  6.388  -0.026  -0.032  1.320  -0.031  -0.176  -0.144  -0.019  0.008  0.050  -0.014  -0.029  -0.001  2.030  1.460  0.019  7.080  0.037  0.031  8.400  -2.000  7.580  8.980  -21.000  
TG 
-6.570  9.800  37.700  1.000  1.040  -9.450  -1.700  1.900  64.920  60.000  37.300  1.300  5.100  1.900  5.800  12.900  19.800  4.600  7.900  1.040  19.200  2.470  1.380  7.400  19.300  10.900  58.420  6.570  1.700  8.200  21.000  34.000  0.016  0.025  0.017  1.070  1.780  6.380  -12.300  3.580  -1.640  -1.310  13.580  8.670  3.980  3.790  4.790  9.090  3.700  3.090  60.000  54.710  1.030  1.230  -8.600  0.800  -8.200  -1.190  0.021  0.028  0.018  -0.001  0.005  0.001  1.600  2.286  6.290  -0.283  -0.065  0.816  -0.010  -0.017  -0.126  0.004  -0.002  -0.016  -0.002  0.009  -0.087  1.780  1.070  0.017  6.380  0.025  0.016  3.500  64.000  1.350  4.610  -22.700  
TA 
-3.820  6.300  31.600  0.000  0.730  -11.850  -0.900  1.500  50.110  20.000  37.800  2.500  0.420  0.900  6.000  16.900  11.400  5.900  3.800  0.730  24.700  1.140  0.600  6.300  18.500  12.500  36.730  3.820  0.900  6.600  18.400  26.000  0.017  0.018  0.016  0.720  1.200  6.230  -11.200  6.740  6.700  0.000  12.320  9.600  3.260  3.810  6.400  9.000  2.700  2.970  20.000  36.730  1.070  1.050  -11.100  0.000  -6.600  -0.700  0.036  0.025  0.014  -0.001  0.008  0.000  1.529  2.269  5.055  0.052  -0.033  0.913  -0.006  -0.093  -0.093  0.023  0.005  -0.003  -0.010  -0.008  -0.037  1.200  0.720  0.016  6.230  0.018  0.017  0.900  0.000  7.130  4.280  -21.300  
TC 
-9.810  4.500  39.600  1.000  0.980  -13.480  -1.500  1.600  80.030  60.000  36.300  3.400  3.180  1.600  5.600  13.500  19.800  2.500  6.700  0.980  10.500  2.470  1.460  7.700  20.300  8.800  86.440  9.810  1.500  8.800  23.500  34.000  0.025  0.038  0.020  1.320  1.930  8.560  -11.400  2.510  1.350  0.330  13.930  8.760  3.260  3.400  4.710  9.110  2.980  2.950  60.000  86.440  1.030  1.200  -15.100  0.030  -8.800  -1.120  0.042  0.039  0.021  0.001  0.009  0.000  1.430  2.518  8.330  0.026  0.025  1.153  -0.001  -0.206  -0.128  -0.026  -0.002  -0.083  0.011  -0.001  -0.012  1.930  1.320  0.020  8.560  0.038  0.025  5.300  -120.000  10.280  5.440  -22.200  
TT 
-5.370 2.900 35.500 0.000 0.970 -18.660 -1.200 1.900 66.510 35.000 35.100 3.900 0.960 1.900 9.100 24.000 11.400 3.900 7.900 0.970 16.300 1.140 1.020 8.400 23.600 7.600 54.500 5.370 1.200 8.000 21.900 26.000 0.026 0.038 0.020 1.690 2.260 7.650 -12.000 3.070 1.760 1.430 12.150 9.120 3.980 3.380 5.300 9.030 2.980 2.940 35.000 54.500 1.090 1.040 -17.300 0.640 -8.000 -0.670 0.046 0.039 0.024 0.006 0.008 0.003 1.975 2.914 7.621 0.171 0.192 1.382 0.057 -0.218 -0.159 0.002 -0.008 -0.205 0.016 -0.022 -0.054 2.260 1.690 0.020 7.650 0.038 0.026 7.200 154.000 13.720 5.350 -21.300 









