GGG 
5.7 5.85 3 13 5.827 5.827 3.311 3.868 622.4 103.3887 6 3.536 
GGA 
6.2 5 2 -5 4.9907 4.9907 3.819 3.581 622.4 103.3887 3.8 4.799 
GGC 
8.2 9.1 3 45 9.0823 9.0823 1.387 2.448 622.4 103.3887 10 1.309 
GGT 
5.2 5.3 2 8 5.31605 5.31605 3.619 4.156 622.4 103.3887 5.4 3.878 
GAG 
6.6 6 2 8 5.9806 5.9806 3.221 3.353 621.4 103.22259 5.4 3.878 
GAA 
5.1 4.05 1 -12 4.0633 4.0633 4.385 4.214 621.4 103.22259 3 5.264 
GAC 
5.6 5.5 2 8 5.51645 5.51645 3.498 3.925 621.4 103.22259 5.4 3.878 
GAT 
3.6 4.45 1 7 4.44325 4.44325 4.153 5.087 621.4 103.22259 5.3 3.935 
GCG 
4.3 5.9 3 25 5.89135 5.89135 3.275 4.678 622.4 103.3887 7.5 2.691 
GCA 
7.5 6.75 2 13 6.75525 6.75525 2.754 2.842 622.4 103.3887 6 3.536 
GCC 
8.2 9.1 3 45 9.0823 9.0823 1.387 2.448 622.4 103.3887 10 1.309 
GCT 
6.3 6.9 2 25 6.8829 6.8829 2.683 3.524 622.4 103.3887 7.5 2.691 
GTG 
6.8 6.65 2 17 6.62555 6.62555 2.832 3.239 621.4 103.22259 6.5 3.253 
GTA 
6.4 5.05 1 -6 5.0673 5.0673 3.77 3.467 621.4 103.22259 3.7 4.857 
GTC 
5.6 5.5 2 8 5.51645 5.51645 3.498 3.925 621.4 103.22259 5.4 3.878 
GTT 
1.6 2.65 1 -6 2.64115 2.64115 5.26 6.272 621.4 103.22259 3.7 4.857 
AGG 
4.7 5.05 2 8 5.0523 5.0523 3.782 4.445 622.4 103.3887 5.4 3.878 
AGA 
6.5 4.9 1 -9 4.8884 4.8884 3.879 3.41 622.4 103.3887 3.3 5.089 
AGC 
6.3 6.9 2 25 6.8829 6.8829 2.683 3.524 622.4 103.3887 7.5 2.691 
AGT 
2 3.9 1 11 3.9232 3.9232 4.471 6.033 622.4 103.3887 5.8 3.65 
AAG 
4.2 4.7 1 6 4.69915 4.69915 3.995 4.736 621.4 103.22259 5.2 3.992 
AAA 
0.1 0.05 0 -36 0.0633 0.0633 6.882 7.176 621.4 103.22259 0 7.045 
AAC 
1.6 2.65 1 -6 2.64115 2.64115 5.26 6.272 621.4 103.22259 3.7 4.857 
AAT 
0 0.35 0 -30 0.35 0.35 6.698 7.237 621.4 103.22259 0.7 6.624 
ACG 
5.2 5.3 2 8 5.3055 5.3055 3.625 4.156 622.4 103.3887 5.4 3.878 
ACA 
5.8 5.5 1 6 5.4903 5.4903 3.516 3.81 622.4 103.3887 5.2 3.992 
ACC 
5.2 5.3 2 8 5.31605 5.31605 3.619 4.156 622.4 103.3887 5.4 3.878 
ACT 
2 3.9 1 11 3.9232 3.9232 4.471 6.033 622.4 103.3887 5.8 3.65 
ATG 
8.7 7.7 1 18 7.7171 7.7171 2.185 2.169 621.4 103.22259 6.7 3.14 
ATA 
9.7 6.25 0 -13 6.2734 6.2734 3.047 1.613 621.4 103.22259 2.8 5.381 
ATC 
3.6 4.45 1 7 4.44325 4.44325 4.153 5.087 621.4 103.22259 5.3 3.935 
ATT 
0 0.35 0 -30 0.35 0.35 6.698 7.237 621.4 103.22259 0.7 6.624 
CGG 
3 3.85 3 2 3.869 3.869 4.502 5.44 622.4 103.3887 4.7 4.279 
CGA 
5.8 7.05 2 31 7.07195 7.07195 2.57 3.81 622.4 103.3887 8.3 2.245 
CGC 
4.3 5.9 3 25 5.89135 5.89135 3.275 4.678 622.4 103.3887 7.5 2.691 
CGT 
5.2 5.3 2 8 5.3055 5.3055 3.625 4.156 622.4 103.3887 5.4 3.878 
CAG 
9.6 6.9 2 -2 6.8996 6.8996 2.671 1.668 621.4 103.22259 4.2 4.567 
CAA 
6.2 4.75 1 -9 4.7618 4.7618 3.958 3.581 621.4 103.22259 3.3 5.089 
CAC 
6.8 6.65 2 17 6.62555 6.62555 2.832 3.239 621.4 103.22259 6.5 3.253 
CAT 
8.7 7.7 1 18 7.7171 7.7171 2.185 2.169 621.4 103.22259 6.7 3.14 
CCG 
3 3.85 3 2 3.869 3.869 4.502 5.44 622.4 103.3887 4.7 4.279 
CCA 
0.7 3.05 2 8 3.05865 3.05865 5 6.813 622.4 103.3887 5.4 3.878 
CCC 
5.7 5.85 3 13 5.827 5.827 3.311 3.868 622.4 103.3887 6 3.536 
CCT 
4.7 5.05 2 8 5.0523 5.0523 3.782 4.445 622.4 103.3887 5.4 3.878 
CTG 
9.6 6.9 2 -2 6.8996 6.8996 2.671 1.668 621.4 103.22259 4.2 4.567 
CTA 
7.8 5 1 -18 5.00295 5.00295 3.813 2.673 621.4 103.22259 2.2 5.734 
CTC 
6.6 6 2 8 5.9806 5.9806 3.221 3.353 621.4 103.22259 5.4 3.878 
CTT 
4.2 4.7 1 6 4.69915 4.69915 3.995 4.736 621.4 103.22259 5.2 3.992 
TGG 
0.7 3.05 2 8 3.05865 3.05865 5 6.813 622.4 103.3887 5.4 3.878 
TGA 
10 7.7 1 8 7.7 7.7 10 1.447 622.4 103.3887 5.4 3.878 
TGC 
7.5 6.75 2 13 6.75525 6.75525 2.754 2.842 622.4 103.3887 6 3.536 
TGT 
5.8 5.5 1 6 5.4903 5.4903 3.516 3.81 622.4 103.3887 5.2 3.992 
TAG 
7.8 5 1 -18 5.00295 5.00295 3.813 2.673 621.4 103.22259 2.2 5.734 
TAA 
7.3 4.65 0 -20 4.6709 4.6709 4.013 2.955 621.4 103.22259 2 5.852 
TAC 
6.4 5.05 1 -6 5.0673 5.0673 3.77 3.467 621.4 103.22259 3.7 4.857 
TAT
9.7 6.25 0 -13 6.2734 6.2734 3.047 1.613 621.4 103.22259 2.8 5.381 
TCG 
5.8 7.05 2 31 7.07195 7.07195 2.57 3.81 622.4 103.3887 8.3 2.245 
TCA 
10 7.7 1 8 7.7 7.7 2.197 1.447 622.4 103.3887 5.4 3.878 
TCC 
6.2 5 2 -5 4.9907 4.9907 3.819 3.581 622.4 103.3887 3.8 4.799 
TCT 
6.5 4.9 1 -9 4.8884 4.8884 3.879 3.41 622.4 103.3887 3.3 5.089 
TTG 
6.2 4.75 1 -9 4.7618 4.7618 3.958 3.581 621.4 103.22259 3.3 5.089 
TTA 
7.3 4.65 0 -20 4.6709 4.6709 4.013 2.955 621.4 103.22259 2 5.852 
TTC 
5.1 4.05 1 -12 4.0633 4.0633 4.385 4.214 621.4 103.22259 3 5.264 
TTT 
0.1 0.05 0 -36 0.0633 0.0633 0.1 7.176 621.4 103.22259 0 7.045 
