GG 
-0.010 -1.780 3.320 0.300 12.100 32.000 -11.100 -12.200 -29.700 -3.260 0.170 
GA 
0.070 -1.700 3.380 1.300 9.400 32.000 -14.200 -13.300 -35.500 -2.350 0.100 
GC 
0.070 -1.390 3.220 0.000 6.100 35.000 -16.900 -14.200 -34.900 -3.420 0.260 
GU 
0.230 -1.430 3.240 0.800 4.800 32.000 -13.800 -10.200 -26.200 -2.240 0.270 
AG 
-0.040 -1.500 3.300 0.500 8.500 30.000 -14.000 -7.600 -19.200 -2.080 0.080 
AA
-0.080 -1.270 3.180 -0.800 7.000 31.000 -13.700 -6.600 -18.400 -0.930 0.040 
AC 
0.230 -1.430 3.240 0.800 4.800 32.000 -13.800 -10.200 -26.200 -2.240 0.140 
AU 
-0.060 -1.360 3.240 1.100 7.100 33.000 -15.400 -5.700 -15.500 -1.100 0.140 
CG 
0.300 -1.890 3.300 -0.100 12.100 27.000 -15.600 -8.000 -19.400 -2.360 0.350 
CA 
0.110 -1.460 3.090 1.000 9.900 31.000 -14.400 -10.500 -27.800 -2.110 0.210 
CC 
-0.010 -1.780 3.320 0.300 8.700 32.000 -11.100 -12.200 -29.700 -3.260 0.490 
CU 
-0.040 -1.500 3.300 0.500 8.500 30.000 -14.000 -7.600 -19.200 -2.080 0.520 
UG 
0.110 -1.460 3.090 1.000 9.900 31.000 -14.400 -7.600 -19.200 -2.110 0.340 
UA 
-0.020 -1.450 3.260 -0.200 10.700 32.000 -16.000 -8.100 -22.600 -1.330 0.210 
UC 
0.070 -1.700 3.380 1.300 9.400 32.000 -14.200 -10.200 -26.200 -2.350 0.480 
UU 
-0.080 -1.270 3.180 -0.800 7.000 31.000 -13.700 -6.600 -18.400 -0.930 0.440 
